# Blender 4.0.2
# www.blender.org
mtllib pretzel.mtl
g Cube.033_Mesh
v 0.012912 0.004747 0.001214
v 0.015057 0.003350 0.001797
v 0.013367 0.005341 0.000966
v 0.012912 0.004230 -0.000024
v 0.015057 0.002833 0.000559
v 0.013367 0.004824 -0.000273
v -0.021190 -0.004291 -0.022368
v -0.018012 -0.004696 -0.022631
v -0.021336 -0.005091 -0.022888
v -0.021190 -0.005187 -0.020990
v -0.018012 -0.005593 -0.021253
v -0.021336 -0.005988 -0.021510
v -0.027685 0.004011 0.008107
v -0.023715 0.005028 0.008265
v -0.027994 0.005190 0.008290
v -0.027685 0.004332 0.006035
v -0.023715 0.005349 0.006193
v -0.027994 0.005511 0.006218
v -0.016358 0.004219 0.020780
v -0.013813 0.004935 0.021245
v -0.016614 0.004860 0.021197
v -0.016358 0.004966 0.019630
v -0.013813 0.005682 0.020094
v -0.016614 0.005607 0.020046
v -0.024519 -0.001186 0.019034
v -0.020962 -0.001133 0.022187
v -0.025467 -0.001168 0.020102
v -0.024519 0.001244 0.018993
v -0.020962 0.001297 0.022146
v -0.025467 0.001262 0.020062
v -0.010442 -0.000799 0.025579
v -0.005925 -0.000714 0.026616
v -0.010755 -0.000689 0.026931
v -0.010442 0.001563 0.025387
v -0.005925 0.001648 0.026424
v -0.010755 0.001673 0.026739
v -0.003987 0.004034 0.020172
v -0.000156 0.003795 0.020375
v -0.003892 0.004911 0.019427
v -0.003987 0.002762 0.018675
v -0.000156 0.002523 0.018878
v -0.003892 0.003639 0.017930
v -0.012098 -0.005081 0.023585
v -0.007687 -0.005816 0.024190
v -0.012384 -0.006104 0.024427
v -0.012098 -0.003614 0.025365
v -0.007687 -0.004348 0.025970
v -0.012384 -0.004637 0.026208
v 0.009225 -0.004213 0.016429
v 0.013031 -0.004777 0.016279
v 0.009049 -0.005318 0.016136
v 0.009225 -0.004717 0.018331
v 0.013031 -0.005281 0.018182
v 0.009049 -0.005823 0.018038
v 0.024260 0.005253 0.009282
v 0.028019 0.003487 0.008644
v 0.024824 0.006315 0.009666
v 0.024260 0.005984 0.007262
v 0.028019 0.004218 0.006624
v 0.024824 0.007046 0.007646
v 0.020230 -0.000995 0.022518
v 0.023245 -0.001051 0.019566
v 0.021117 -0.000977 0.023424
v 0.020230 0.001163 0.022477
v 0.023245 0.001106 0.019524
v 0.021117 0.001180 0.023383
v 0.009932 -0.004042 0.005564
v 0.012580 -0.004008 0.005563
v 0.009942 -0.004837 0.005581
v 0.009932 -0.004012 0.006917
v 0.012580 -0.003978 0.006917
v 0.009942 -0.004807 0.006935
v 0.002237 -0.004624 -0.007779
v 0.006100 -0.003706 -0.007552
v 0.002521 -0.005751 -0.008056
v 0.002237 -0.005111 -0.005805
v 0.006100 -0.004193 -0.005578
v 0.002521 -0.006238 -0.006082
v 0.013010 -0.003173 0.013590
v 0.016395 -0.004270 0.013828
v 0.012672 -0.004166 0.013806
v 0.013010 -0.002787 0.015372
v 0.016395 -0.003884 0.015610
v 0.012672 -0.003780 0.015588
v -0.008987 -0.003468 0.003434
v -0.006084 -0.001684 0.001217
v -0.008132 -0.004015 0.004114
v -0.008987 -0.001849 0.004737
v -0.006084 -0.000065 0.002519
v -0.008132 -0.002396 0.005417
v -0.014563 0.003269 0.012693
v -0.012322 0.002085 0.012148
v -0.014171 0.003880 0.012975
v -0.014563 0.003824 0.011490
v -0.012322 0.002640 0.010944
v -0.014171 0.004435 0.011772
v 0.009535 0.005633 -0.003713
v 0.012067 0.004417 -0.003275
v 0.009923 0.006348 -0.003971
v 0.009535 0.005140 -0.005080
v 0.012067 0.003925 -0.004643
v 0.009923 0.005856 -0.005338
v -0.012760 0.004489 -0.014091
v -0.008718 0.004682 -0.014081
v -0.012818 0.005702 -0.014026
v -0.012760 0.004600 -0.016157
v -0.008718 0.004793 -0.016147
v -0.012818 0.005813 -0.016092
v -0.017684 0.002304 -0.022256
v -0.013246 0.002372 -0.022538
v -0.017771 0.002614 -0.023553
v -0.017684 0.000093 -0.022785
v -0.013246 0.000161 -0.023066
v -0.017771 0.000403 -0.024081
v -0.006834 -0.004616 -0.013015
v -0.002541 -0.005564 -0.012659
v -0.007138 -0.005824 -0.012562
v -0.006834 -0.003824 -0.010903
v -0.002541 -0.004772 -0.010548
v -0.007138 -0.005032 -0.010451
v -0.024196 0.002354 -0.019690
v -0.021121 0.002984 -0.021070
v -0.024651 0.002738 -0.020530
v -0.024196 0.000760 -0.020418
v -0.021121 0.001390 -0.021797
v -0.024651 0.001144 -0.021258
v -0.021350 0.002816 0.000127
v -0.020318 0.000181 0.000633
v -0.020543 0.003121 0.000068
v -0.021350 0.002539 -0.001317
v -0.020318 -0.000096 -0.000811
v -0.020543 0.002843 -0.001375
v -0.031360 0.001131 -0.012860
v -0.029304 0.001145 -0.016865
v -0.032563 0.001133 -0.013478
v -0.031360 -0.001170 -0.012868
v -0.029304 -0.001156 -0.016873
v -0.032563 -0.001168 -0.013486
v -0.030823 0.000761 -0.006810
v -0.029370 -0.002305 -0.009212
v -0.031993 0.000417 -0.007080
v -0.030823 -0.000550 -0.005138
v -0.029370 -0.003615 -0.007539
v -0.031993 -0.000893 -0.005407
v -0.030349 -0.001833 -0.000193
v -0.027330 -0.005372 0.000227
v -0.031419 -0.002734 -0.000086
v -0.030349 -0.001552 0.002178
v -0.027330 -0.005091 0.002598
v -0.031419 -0.002453 0.002285
v -0.031205 0.000823 -0.013684
v -0.029602 0.000722 -0.016744
v -0.032125 0.000807 -0.014165
v -0.031205 -0.000943 -0.013625
v -0.029602 -0.001044 -0.016686
v -0.032125 -0.000959 -0.014107
v 0.023534 -0.000619 -0.003933
v 0.025108 0.003199 -0.003857
v 0.022387 -0.000146 -0.003924
v 0.023534 -0.000577 -0.006044
v 0.025108 0.003241 -0.005968
v 0.022387 -0.000104 -0.006035
v -0.029887 -0.002879 0.006605
v -0.028245 -0.004735 0.007384
v -0.030491 -0.003334 0.006796
v -0.029887 -0.002365 0.007829
v -0.028245 -0.004221 0.008608
v -0.030491 -0.002820 0.008020
v -0.012224 -0.005111 0.023368
v -0.007675 -0.005891 0.023973
v -0.012520 -0.006191 0.024206
v -0.012224 -0.003653 0.025249
v -0.007675 -0.004433 0.025854
v -0.012520 -0.004733 0.026086
v -0.015006 -0.004985 0.017275
v -0.012044 -0.004675 0.017285
v -0.014913 -0.005875 0.017246
v -0.015006 -0.005036 0.018797
v -0.012044 -0.004725 0.018807
v -0.014913 -0.005925 0.018767
v -0.004552 -0.004506 0.020829
v -0.000747 -0.004738 0.020802
v -0.004622 -0.005642 0.020697
v -0.004552 -0.004732 0.022765
v -0.000747 -0.004963 0.022738
v -0.004622 -0.005867 0.022633
v 0.009180 0.001188 0.016444
v 0.013166 0.001226 0.014409
v 0.008569 0.001210 0.015246
v 0.009180 -0.001100 0.016400
v 0.013166 -0.001061 0.014366
v 0.008569 -0.001077 0.015203
v 0.006739 -0.001008 0.016931
v 0.009430 -0.001497 0.015999
v 0.006423 -0.001384 0.016215
v 0.006739 -0.002315 0.017618
v 0.009430 -0.002805 0.016687
v 0.006423 -0.002691 0.016903
v 0.018920 0.000946 0.022535
v 0.021434 0.000282 0.020575
v 0.019542 0.001188 0.023250
v 0.018920 0.002522 0.022001
v 0.021434 0.001859 0.020041
v 0.019542 0.002764 0.022716
v 0.013865 0.004732 0.023391
v 0.017182 0.003957 0.022815
v 0.014155 0.005532 0.023985
v 0.013865 0.005785 0.021972
v 0.017182 0.005010 0.021397
v 0.014155 0.006585 0.022566
v 0.012399 -0.000424 0.014072
v 0.014989 -0.001027 0.012584
v 0.011917 -0.000716 0.013351
v 0.012399 -0.001868 0.014657
v 0.014989 -0.002471 0.013168
v 0.011917 -0.002160 0.013936
v 0.023689 0.002367 -0.011405
v 0.026608 0.003528 -0.010855
v 0.023303 0.003160 -0.011030
v 0.023689 0.003066 -0.012879
v 0.026608 0.004227 -0.012328
v 0.023303 0.003858 -0.012503
v 0.011319 0.005408 -0.019101
v 0.014350 0.005619 -0.019250
v 0.011241 0.006152 -0.019625
v 0.011319 0.004512 -0.020372
v 0.014350 0.004723 -0.020521
v 0.011241 0.005256 -0.020896
v 0.004711 -0.002684 -0.017300
v 0.007604 -0.003275 -0.017933
v 0.004451 -0.003277 -0.017935
v 0.004711 -0.003812 -0.016246
v 0.007604 -0.004403 -0.016879
v 0.004451 -0.004405 -0.016882
v -0.013292 0.004273 0.001186
v -0.010656 0.004872 0.001043
v -0.013477 0.005043 0.001002
v -0.013292 0.003951 -0.000160
v -0.010656 0.004551 -0.000303
v -0.013477 0.004721 -0.000344
vn -0.0000 0.3852 0.9229
vn -0.0000 -0.3852 -0.9229
vn -0.5764 -0.7541 0.3147
vn -0.8172 0.5319 -0.2220
vn 0.7871 0.5692 -0.2376
vn -0.0000 0.5453 -0.8383
vn -0.0000 -0.5453 0.8383
vn 0.1504 0.8287 0.5391
vn -0.9886 0.1261 0.0820
vn 0.1404 -0.8300 -0.5399
vn -0.0000 -0.1531 0.9882
vn -0.0000 0.1531 -0.9882
vn 0.2509 -0.9566 -0.1482
vn -0.9680 -0.2479 -0.0384
vn 0.0382 0.9875 0.1529
vn -0.0000 -0.5443 0.8389
vn -0.0000 0.5443 -0.8389
vn 0.3179 -0.7954 -0.5161
vn -0.9481 -0.2667 -0.1731
vn -0.0317 0.8385 0.5440
vn -0.0000 -0.9999 0.0167
vn -0.0000 0.9999 -0.0167
vn 0.6633 -0.0125 -0.7482
vn -0.7483 -0.0111 -0.6632
vn -0.4200 0.0152 0.9074
vn -0.0000 -0.9967 0.0812
vn -0.0000 0.9967 -0.0812
vn 0.2245 -0.0791 -0.9713
vn -0.9745 -0.0182 -0.2238
vn 0.0654 0.0810 0.9946
vn -0.0000 0.6475 0.7621
vn -0.0000 -0.6475 -0.7621
vn -0.0816 -0.7595 0.6453
vn -0.9967 0.0622 -0.0528
vn 0.3649 0.7095 -0.6028
vn -0.0000 -0.6360 -0.7717
vn -0.0000 0.6360 0.7717
vn 0.2109 0.7544 -0.6217
vn -0.9775 0.1628 -0.1341
vn 0.0793 -0.7693 0.6340
vn -0.0000 0.2562 -0.9666
vn -0.0000 -0.2562 0.9666
vn 0.1514 0.9555 0.2532
vn -0.9885 0.1464 0.0388
vn 0.1394 -0.9572 -0.2537
vn -0.0000 -0.3401 0.9404
vn -0.0000 0.3401 -0.9404
vn -0.4469 -0.8413 -0.3043
vn -0.8946 0.4202 0.1520
vn 0.6854 0.6848 0.2477
vn -0.0000 -0.9998 0.0191
vn -0.0000 0.9998 -0.0191
vn -0.6997 -0.0136 -0.7143
vn -0.7144 0.0134 0.6996
vn 0.8757 0.0092 0.4828
vn -0.0000 -0.0219 -0.9998
vn -0.0000 0.0219 0.9998
vn -0.0129 0.9997 -0.0219
vn -0.9999 -0.0129 0.0003
vn 0.3000 -0.9537 0.0209
vn -0.0000 0.2393 -0.9709
vn -0.0000 -0.2393 0.9709
vn -0.2378 0.9431 0.2325
vn -0.9713 -0.2309 -0.0569
vn 0.5072 -0.8368 -0.2063
vn -0.0000 -0.2117 -0.9773
vn -0.0000 0.2117 0.9773
vn 0.3149 0.9276 -0.2009
vn -0.9491 0.3078 -0.0667
vn -0.0285 -0.9769 0.2116
vn -0.0000 -0.7791 -0.6269
vn -0.0000 0.7791 0.6269
vn -0.7001 0.4476 -0.5563
vn -0.7140 -0.4389 0.5455
vn 0.8760 -0.3024 0.3758
vn -0.0000 -0.4188 0.9081
vn -0.0000 0.4188 -0.9081
vn -0.5028 -0.7850 -0.3620
vn -0.8644 0.4566 0.2105
vn 0.7302 0.6204 0.2861
vn -0.0000 0.3389 0.9408
vn -0.0000 -0.3389 -0.9408
vn -0.4544 -0.8381 0.3019
vn -0.8908 0.4275 -0.1540
vn 0.6915 0.6796 -0.2448
vn -0.0000 -0.0537 0.9986
vn -0.0000 0.0537 -0.9986
vn 0.0476 -0.9974 -0.0536
vn -0.9989 -0.0476 -0.0026
vn 0.2418 0.9689 0.0521
vn -0.0000 0.9726 0.2326
vn -0.0000 -0.9726 -0.2326
vn 0.0651 -0.2321 0.9705
vn -0.9979 -0.0151 0.0633
vn 0.2247 0.2266 -0.9477
vn -0.0000 -0.3511 -0.9363
vn -0.0000 0.3511 0.9363
vn 0.2294 0.9113 -0.3418
vn -0.9733 0.2148 -0.0806
vn 0.0603 -0.9346 0.3505
vn -0.0000 0.9097 0.4154
vn -0.0000 -0.9097 -0.4154
vn 0.4424 -0.3725 0.8158
vn -0.8968 -0.1837 0.4024
vn -0.1656 0.4096 -0.8971
vn -0.0000 0.1885 0.9821
vn -0.0000 -0.1885 -0.9821
vn -0.9334 -0.3523 0.0676
vn -0.3588 0.9167 -0.1760
vn 0.9972 0.0737 -0.0142
vn -0.0000 1.0000 0.0035
vn -0.0000 -1.0000 -0.0035
vn 0.8896 -0.0016 0.4567
vn -0.4567 -0.0031 0.8896
vn -0.7206 0.0024 -0.6933
vn -0.0000 0.6167 -0.7872
vn -0.0000 -0.6167 0.7872
vn 0.9369 0.2751 0.2155
vn -0.3495 0.7376 0.5778
vn -0.7968 -0.4757 -0.3727
vn -0.0000 -0.1178 -0.9930
vn -0.0000 0.1178 0.9930
vn 0.7630 0.6419 -0.0761
vn -0.6464 0.7577 -0.0899
vn -0.5448 -0.8327 0.0988
vn -0.0000 0.9995 -0.0331
vn -0.0000 -0.9995 0.0331
vn 0.8859 0.0154 0.4636
vn -0.4639 0.0293 0.8854
vn -0.7150 -0.0231 -0.6988
vn -0.0000 -0.0199 0.9998
vn -0.0000 0.0199 -0.9998
vn 0.9245 -0.3810 -0.0076
vn -0.3811 -0.9244 -0.0184
vn -0.7758 0.6308 0.0125
vn -0.0000 -0.3872 -0.9220
vn -0.0000 0.3872 0.9220
vn 0.7748 0.5829 -0.2448
vn -0.6322 0.7144 -0.3000
vn -0.5601 -0.7638 0.3207
vn -0.0000 -0.6129 -0.7902
vn -0.0000 0.6129 0.7902
vn 0.2121 0.7722 -0.5990
vn -0.9773 0.1676 -0.1300
vn 0.0781 -0.7877 0.6110
vn -0.0000 0.0329 -0.9995
vn -0.0000 -0.0329 0.9995
vn -0.1043 0.9940 0.0327
vn -0.9945 -0.1042 -0.0034
vn 0.3860 -0.9220 -0.0303
vn -0.0000 0.1157 -0.9933
vn -0.0000 -0.1157 0.9933
vn 0.0612 0.9914 0.1154
vn -0.9981 0.0607 0.0071
vn 0.2286 -0.9670 -0.1126
vn -0.0000 0.9998 0.0190
vn -0.0000 -0.9998 -0.0190
vn 0.4546 -0.0169 0.8905
vn -0.8907 -0.0086 0.4545
vn -0.1791 0.0187 -0.9837
vn -0.0000 0.8851 -0.4654
vn -0.0000 -0.8851 0.4654
vn 0.3642 0.4334 0.8243
vn -0.9313 0.1695 0.3223
vn -0.0808 -0.4639 -0.8822
vn -0.0000 -0.9472 0.3207
vn -0.0000 0.9472 -0.3207
vn -0.6355 -0.2476 -0.7313
vn -0.7721 0.2038 0.6019
vn 0.8308 0.1785 0.5272
vn -0.0000 -0.5960 0.8030
vn -0.0000 0.5960 -0.8030
vn -0.2794 -0.7710 -0.5723
vn -0.9602 0.2243 0.1665
vn 0.5438 0.6738 0.5002
vn -0.0000 0.9269 -0.3753
vn -0.0000 -0.9269 0.3753
vn 0.5271 0.3189 0.7877
vn -0.8498 0.1978 0.4885
vn -0.2603 -0.3624 -0.8950
vn -0.0000 -0.4283 0.9036
vn -0.0000 0.4283 -0.9036
vn 0.4029 -0.8271 -0.3920
vn -0.9152 -0.3641 -0.1726
vn -0.1225 0.8968 0.4251
vn -0.0000 0.5759 0.8175
vn -0.0000 -0.5759 -0.8175
vn 0.0851 -0.8146 0.5738
vn -0.9964 -0.0695 0.0490
vn 0.2052 0.8001 -0.5636
vn -0.0000 0.7310 -0.6824
vn -0.0000 -0.7310 0.6824
vn 0.2868 0.6537 0.7003
vn -0.9580 0.1957 0.2097
vn 0.0009 -0.6824 -0.7310
vn -0.0000 0.2325 0.9726
vn -0.0000 -0.2325 -0.9726
vn 0.2276 -0.9471 0.2264
vn -0.9737 -0.2214 0.0529
vn 0.0621 0.9707 -0.2321
vn -0.9979 -0.0152 0.0633
vn 0.0781 -0.7878 0.6110
vt 0.363337 0.456753
vt 0.369603 0.456753
vt 0.363337 0.463018
vt 0.363337 0.469284
vt 0.369603 0.475550
vt 0.363337 0.475550
vt 0.363337 0.481816
vt 0.357072 0.475550
vt 0.357072 0.469284
vt 0.375869 0.475550
vt 0.369603 0.481816
s 1
usemtl Material.032
f 1/1/1 2/2/1 3/3/1
f 6/4/2 5/5/2 4/6/2
f 5/5/3 1/7/3 4/6/3
f 6/4/4 1/8/4 3/9/4
f 2/10/5 6/4/5 3/3/5
f 7/1/6 8/2/6 9/3/6
f 12/4/7 11/5/7 10/6/7
f 11/5/8 7/7/8 10/6/8
f 9/9/9 10/6/9 7/8/9
f 9/3/10 11/5/10 12/4/10
f 13/1/11 14/2/11 15/3/11
f 18/4/12 17/5/12 16/6/12
f 16/6/13 14/11/13 13/7/13
f 15/9/14 16/6/14 13/8/14
f 14/10/15 18/4/15 15/3/15
f 19/1/16 20/2/16 21/3/16
f 24/4/17 23/5/17 22/6/17
f 22/6/18 20/11/18 19/7/18
f 21/9/19 22/6/19 19/8/19
f 20/10/20 24/4/20 21/3/20
f 25/1/21 26/2/21 27/3/21
f 30/4/22 29/5/22 28/6/22
f 28/6/23 26/11/23 25/7/23
f 30/4/24 25/8/24 27/9/24
f 26/10/25 30/4/25 27/3/25
f 31/1/26 32/2/26 33/3/26
f 36/4/27 35/5/27 34/6/27
f 34/6/28 32/11/28 31/7/28
f 36/4/29 31/8/29 33/9/29
f 32/10/30 36/4/30 33/3/30
f 37/1/31 38/2/31 39/3/31
f 42/4/32 41/5/32 40/6/32
f 41/5/33 37/7/33 40/6/33
f 42/4/34 37/8/34 39/9/34
f 39/3/35 41/5/35 42/4/35
f 43/1/36 44/2/36 45/3/36
f 48/4/37 47/5/37 46/6/37
f 46/6/38 44/11/38 43/7/38
f 48/4/39 43/8/39 45/9/39
f 44/10/40 48/4/40 45/3/40
f 49/1/41 50/2/41 51/3/41
f 54/4/42 53/5/42 52/6/42
f 53/5/43 49/7/43 52/6/43
f 51/9/44 52/6/44 49/8/44
f 51/3/45 53/5/45 54/4/45
f 55/1/46 56/2/46 57/3/46
f 60/4/47 59/5/47 58/6/47
f 58/6/48 56/11/48 55/7/48
f 57/9/49 58/6/49 55/8/49
f 56/10/50 60/4/50 57/3/50
f 61/1/51 62/2/51 63/3/51
f 66/4/52 65/5/52 64/6/52
f 64/6/53 62/11/53 61/7/53
f 63/9/54 64/6/54 61/8/54
f 62/10/55 66/4/55 63/3/55
f 67/1/56 68/2/56 69/3/56
f 72/4/57 71/5/57 70/6/57
f 71/5/58 67/7/58 70/6/58
f 69/9/59 70/6/59 67/8/59
f 69/3/60 71/5/60 72/4/60
f 73/1/61 74/2/61 75/3/61
f 78/4/62 77/5/62 76/6/62
f 77/5/63 73/7/63 76/6/63
f 75/9/64 76/6/64 73/8/64
f 75/3/65 77/5/65 78/4/65
f 79/1/66 80/2/66 81/3/66
f 84/4/67 83/5/67 82/6/67
f 83/5/68 79/7/68 82/6/68
f 81/9/69 82/6/69 79/8/69
f 81/3/70 83/5/70 84/4/70
f 85/1/71 86/2/71 87/3/71
f 90/4/72 89/5/72 88/6/72
f 88/6/73 86/11/73 85/7/73
f 87/9/74 88/6/74 85/8/74
f 86/10/75 90/4/75 87/3/75
f 91/1/76 92/2/76 93/3/76
f 96/4/77 95/5/77 94/6/77
f 94/6/78 92/11/78 91/7/78
f 93/9/79 94/6/79 91/8/79
f 92/10/80 96/4/80 93/3/80
f 97/1/81 98/2/81 99/3/81
f 102/4/82 101/5/82 100/6/82
f 100/6/83 98/11/83 97/7/83
f 99/9/84 100/6/84 97/8/84
f 98/10/85 102/4/85 99/3/85
f 103/1/86 104/2/86 105/3/86
f 108/4/87 107/5/87 106/6/87
f 106/6/88 104/11/88 103/7/88
f 105/9/89 106/6/89 103/8/89
f 104/10/90 108/4/90 105/3/90
f 109/1/91 110/2/91 111/3/91
f 114/4/92 113/5/92 112/6/92
f 113/5/93 109/7/93 112/6/93
f 114/4/94 109/8/94 111/9/94
f 111/3/95 113/5/95 114/4/95
f 115/1/96 116/2/96 117/3/96
f 120/4/97 119/5/97 118/6/97
f 119/5/98 115/7/98 118/6/98
f 117/9/99 118/6/99 115/8/99
f 117/3/100 119/5/100 120/4/100
f 121/1/101 122/2/101 123/3/101
f 126/4/102 125/5/102 124/6/102
f 125/5/103 121/7/103 124/6/103
f 126/4/104 121/8/104 123/9/104
f 123/3/105 125/5/105 126/4/105
f 127/1/106 128/2/106 129/3/106
f 132/4/107 131/5/107 130/6/107
f 131/5/108 127/7/108 130/6/108
f 129/9/109 130/6/109 127/8/109
f 129/3/110 131/5/110 132/4/110
f 133/1/111 134/2/111 135/3/111
f 138/4/112 137/5/112 136/6/112
f 137/5/113 133/7/113 136/6/113
f 135/9/114 136/6/114 133/8/114
f 135/3/115 137/5/115 138/4/115
f 139/1/116 140/2/116 141/3/116
f 144/4/117 143/5/117 142/6/117
f 142/6/118 140/11/118 139/7/118
f 141/9/119 142/6/119 139/8/119
f 141/3/120 143/5/120 144/4/120
f 145/1/121 146/2/121 147/3/121
f 150/4/122 149/5/122 148/6/122
f 149/5/123 145/7/123 148/6/123
f 147/9/124 148/6/124 145/8/124
f 147/3/125 149/5/125 150/4/125
f 151/1/126 152/2/126 153/3/126
f 156/4/127 155/5/127 154/6/127
f 155/5/128 151/7/128 154/6/128
f 153/9/129 154/6/129 151/8/129
f 153/3/130 155/5/130 156/4/130
f 157/1/131 158/2/131 159/3/131
f 162/4/132 161/5/132 160/6/132
f 160/6/133 158/11/133 157/7/133
f 162/4/134 157/8/134 159/9/134
f 158/10/135 162/4/135 159/3/135
f 163/1/136 164/2/136 165/3/136
f 168/4/137 167/5/137 166/6/137
f 167/5/138 163/7/138 166/6/138
f 168/4/139 163/8/139 165/9/139
f 164/10/140 168/4/140 165/3/140
f 169/1/141 170/2/141 171/3/141
f 174/4/142 173/5/142 172/6/142
f 172/6/143 170/11/143 169/7/143
f 174/4/144 169/8/144 171/9/144
f 170/10/145 174/4/145 171/3/145
f 175/1/146 176/2/146 177/3/146
f 180/4/147 179/5/147 178/6/147
f 179/5/148 175/7/148 178/6/148
f 177/9/149 178/6/149 175/8/149
f 177/3/150 179/5/150 180/4/150
f 181/1/151 182/2/151 183/3/151
f 186/4/152 185/5/152 184/6/152
f 185/5/153 181/7/153 184/6/153
f 183/9/154 184/6/154 181/8/154
f 183/3/155 185/5/155 186/4/155
f 187/1/156 188/2/156 189/3/156
f 192/4/157 191/5/157 190/6/157
f 191/5/158 187/7/158 190/6/158
f 189/9/159 190/6/159 187/8/159
f 189/3/160 191/5/160 192/4/160
f 193/1/161 194/2/161 195/3/161
f 198/4/162 197/5/162 196/6/162
f 197/5/163 193/7/163 196/6/163
f 195/9/164 196/6/164 193/8/164
f 195/3/165 197/5/165 198/4/165
f 199/1/166 200/2/166 201/3/166
f 204/4/167 203/5/167 202/6/167
f 202/6/168 200/11/168 199/7/168
f 201/9/169 202/6/169 199/8/169
f 200/10/170 204/4/170 201/3/170
f 205/1/171 206/2/171 207/3/171
f 210/4/172 209/5/172 208/6/172
f 208/6/173 206/11/173 205/7/173
f 207/9/174 208/6/174 205/8/174
f 206/10/175 210/4/175 207/3/175
f 211/1/176 212/2/176 213/3/176
f 216/4/177 215/5/177 214/6/177
f 215/5/178 211/7/178 214/6/178
f 213/9/179 214/6/179 211/8/179
f 213/3/180 215/5/180 216/4/180
f 217/1/181 218/2/181 219/3/181
f 222/4/182 221/5/182 220/6/182
f 220/6/183 218/11/183 217/7/183
f 219/9/184 220/6/184 217/8/184
f 218/10/185 222/4/185 219/3/185
f 223/1/186 224/2/186 225/3/186
f 228/4/187 227/5/187 226/6/187
f 227/5/188 223/7/188 226/6/188
f 228/4/189 223/8/189 225/9/189
f 225/3/190 227/5/190 228/4/190
f 229/1/191 230/2/191 231/3/191
f 234/4/192 233/5/192 232/6/192
f 233/5/193 229/7/193 232/6/193
f 231/9/194 232/6/194 229/8/194
f 231/3/195 233/5/195 234/4/195
f 235/1/196 236/2/196 237/3/196
f 240/4/197 239/5/197 238/6/197
f 238/6/198 236/11/198 235/7/198
f 237/9/199 238/6/199 235/8/199
f 236/10/200 240/4/200 237/3/200
f 5/5/3 2/11/3 1/7/3
f 6/4/4 4/6/4 1/8/4
f 2/10/5 5/5/5 6/4/5
f 11/5/8 8/11/8 7/7/8
f 9/9/9 12/4/9 10/6/9
f 9/3/10 8/10/10 11/5/10
f 16/6/13 17/5/13 14/11/13
f 15/9/14 18/4/14 16/6/14
f 14/10/15 17/5/15 18/4/15
f 22/6/18 23/5/18 20/11/18
f 21/9/19 24/4/19 22/6/19
f 20/10/20 23/5/20 24/4/20
f 28/6/23 29/5/23 26/11/23
f 30/4/24 28/6/24 25/8/24
f 26/10/25 29/5/25 30/4/25
f 34/6/28 35/5/28 32/11/28
f 36/4/29 34/6/29 31/8/29
f 32/10/30 35/5/30 36/4/30
f 41/5/33 38/11/33 37/7/33
f 42/4/34 40/6/34 37/8/34
f 39/3/35 38/10/35 41/5/35
f 46/6/38 47/5/38 44/11/38
f 48/4/39 46/6/39 43/8/39
f 44/10/40 47/5/40 48/4/40
f 53/5/43 50/11/43 49/7/43
f 51/9/44 54/4/44 52/6/44
f 51/3/45 50/10/45 53/5/45
f 58/6/48 59/5/48 56/11/48
f 57/9/49 60/4/49 58/6/49
f 56/10/50 59/5/50 60/4/50
f 64/6/53 65/5/53 62/11/53
f 63/9/54 66/4/54 64/6/54
f 62/10/55 65/5/55 66/4/55
f 71/5/58 68/11/58 67/7/58
f 69/9/59 72/4/59 70/6/59
f 69/3/60 68/10/60 71/5/60
f 77/5/63 74/11/63 73/7/63
f 75/9/64 78/4/64 76/6/64
f 75/3/65 74/10/65 77/5/65
f 83/5/68 80/11/68 79/7/68
f 81/9/69 84/4/69 82/6/69
f 81/3/70 80/10/70 83/5/70
f 88/6/73 89/5/73 86/11/73
f 87/9/74 90/4/74 88/6/74
f 86/10/75 89/5/75 90/4/75
f 94/6/78 95/5/78 92/11/78
f 93/9/79 96/4/79 94/6/79
f 92/10/80 95/5/80 96/4/80
f 100/6/83 101/5/83 98/11/83
f 99/9/84 102/4/84 100/6/84
f 98/10/85 101/5/85 102/4/85
f 106/6/88 107/5/88 104/11/88
f 105/9/89 108/4/89 106/6/89
f 104/10/90 107/5/90 108/4/90
f 113/5/93 110/11/93 109/7/93
f 114/4/94 112/6/201 109/8/94
f 111/3/95 110/10/95 113/5/95
f 119/5/98 116/11/98 115/7/98
f 117/9/99 120/4/99 118/6/99
f 117/3/100 116/10/100 119/5/100
f 125/5/103 122/11/103 121/7/103
f 126/4/104 124/6/104 121/8/104
f 123/3/105 122/10/105 125/5/105
f 131/5/108 128/11/108 127/7/108
f 129/9/109 132/4/109 130/6/109
f 129/3/110 128/10/110 131/5/110
f 137/5/113 134/11/113 133/7/113
f 135/9/114 138/4/114 136/6/114
f 135/3/115 134/10/115 137/5/115
f 142/6/118 143/5/118 140/11/118
f 141/9/119 144/4/119 142/6/119
f 141/3/120 140/10/120 143/5/120
f 149/5/123 146/11/123 145/7/123
f 147/9/124 150/4/124 148/6/124
f 147/3/125 146/10/125 149/5/125
f 155/5/128 152/11/128 151/7/128
f 153/9/129 156/4/129 154/6/129
f 153/3/130 152/10/130 155/5/130
f 160/6/133 161/5/133 158/11/133
f 162/4/134 160/6/134 157/8/134
f 158/10/135 161/5/135 162/4/135
f 167/5/138 164/11/138 163/7/138
f 168/4/139 166/6/139 163/8/139
f 164/10/140 167/5/140 168/4/140
f 172/6/143 173/5/143 170/11/143
f 174/4/144 172/6/144 169/8/144
f 170/10/145 173/5/202 174/4/145
f 179/5/148 176/11/148 175/7/148
f 177/9/149 180/4/149 178/6/149
f 177/3/150 176/10/150 179/5/150
f 185/5/153 182/11/153 181/7/153
f 183/9/154 186/4/154 184/6/154
f 183/3/155 182/10/155 185/5/155
f 191/5/158 188/11/158 187/7/158
f 189/9/159 192/4/159 190/6/159
f 189/3/160 188/10/160 191/5/160
f 197/5/163 194/11/163 193/7/163
f 195/9/164 198/4/164 196/6/164
f 195/3/165 194/10/165 197/5/165
f 202/6/168 203/5/168 200/11/168
f 201/9/169 204/4/169 202/6/169
f 200/10/170 203/5/170 204/4/170
f 208/6/173 209/5/173 206/11/173
f 207/9/174 210/4/174 208/6/174
f 206/10/175 209/5/175 210/4/175
f 215/5/178 212/11/178 211/7/178
f 213/9/179 216/4/179 214/6/179
f 213/3/180 212/10/180 215/5/180
f 220/6/183 221/5/183 218/11/183
f 219/9/184 222/4/184 220/6/184
f 218/10/185 221/5/185 222/4/185
f 227/5/188 224/11/188 223/7/188
f 228/4/189 226/6/189 223/8/189
f 225/3/190 224/10/190 227/5/190
f 233/5/193 230/11/193 229/7/193
f 231/9/194 234/4/194 232/6/194
f 231/3/195 230/10/195 233/5/195
f 238/6/198 239/5/198 236/11/198
f 237/9/199 240/4/199 238/6/199
f 236/10/200 239/5/200 240/4/200
g BezierCurve_Mesh
v 0.014899 0.004270 0.015193
v 0.022669 0.001012 0.012594
v 0.020630 -0.004068 0.013267
v 0.014878 -0.004002 0.015200
v 0.011129 -0.000022 0.016496
v 0.011018 0.005233 -0.004199
v 0.005386 -0.000025 0.004252
v 0.011470 -0.000042 -0.008582
v -0.004556 0.005255 -0.011475
v 0.000500 -0.005309 -0.015401
v -0.004556 -0.005299 -0.011475
v -0.009608 -0.000022 -0.011073
v -0.004984 0.005261 -0.018544
v -0.004504 -0.000022 -0.021762
v -0.020470 0.005203 -0.015370
v -0.019525 0.005299 -0.022231
v -0.020129 -0.000022 -0.025051
v -0.019525 -0.005343 -0.022231
v -0.020470 -0.005247 -0.015370
v -0.019055 -0.000022 -0.012062
v -0.028517 0.005265 -0.013223
v -0.030905 -0.000022 -0.015504
v -0.028517 -0.005309 -0.013223
v -0.023666 0.005257 0.000815
v -0.028296 0.005279 0.009313
v -0.032804 -0.000022 0.002100
v -0.028296 -0.005322 0.009313
v -0.023666 -0.005301 0.000815
v -0.019636 -0.000022 0.005572
v -0.017090 0.005250 0.014171
v -0.023475 -0.000022 0.021041
v -0.017090 -0.005294 0.014171
v -0.010243 0.005269 0.025129
v -0.010243 -0.005312 0.025129
v -0.007308 -0.000022 0.016271
v -0.000514 0.005254 0.020391
v -0.000614 -0.000022 0.029686
v -0.000514 -0.005298 0.020391
v 0.015402 0.005282 0.023031
v 0.015402 -0.005326 0.023031
v 0.010804 -0.000022 0.014798
v 0.016030 0.005253 0.014656
v 0.022011 -0.000022 0.021834
v 0.016030 -0.005296 0.014656
v 0.030931 0.005261 0.002329
v 0.030931 -0.005305 0.002329
v 0.022321 -0.000022 -0.000978
v 0.025949 0.005259 -0.002138
v 0.034749 -0.000022 0.000607
v 0.027710 -0.005274 -0.008018
v 0.025877 0.005221 -0.012452
v 0.032160 0.005300 -0.014584
v 0.035699 -0.000022 -0.012624
v 0.032160 -0.005344 -0.014584
v 0.023628 -0.000022 -0.009709
v 0.027344 -0.000022 -0.021969
v 0.020401 -0.005294 -0.014262
v 0.013207 0.005457 -0.020318
v 0.013320 -0.005478 -0.020371
v 0.013363 -0.000020 -0.010733
v 0.011661 0.005341 -0.013272
v 0.009989 -0.000017 -0.022342
v 0.005492 -0.004667 -0.010532
v 0.000271 0.004255 -0.007031
v -0.002818 -0.000029 -0.016031
v -0.010120 0.004904 -0.005810
v -0.012882 -0.005333 -0.002750
v -0.005209 -0.000012 0.002171
v -0.008353 -0.005470 0.001704
v -0.015180 -0.000014 -0.004144
v -0.016288 0.004606 0.015461
v -0.022015 0.003823 0.013927
v -0.024502 -0.000042 0.013260
v -0.021504 -0.004314 0.014077
v -0.015357 -0.004248 0.015728
v -0.012416 -0.000022 0.016524
vn 0.3781 0.9253 -0.0298
vn 0.7883 0.4318 -0.4383
vn 0.8234 -0.3856 -0.4162
vn -0.0240 0.9982 0.0543
vn 0.5806 -0.7220 -0.3764
vn -0.5753 0.5935 0.5629
vn -0.5753 -0.5935 0.5628
vn -0.0892 0.5154 0.8523
vn -0.0892 -0.5154 0.8523
vn 0.0118 0.9998 0.0156
vn 0.0118 -0.9998 0.0156
vn 0.0046 1.0000 -0.0030
vn 0.0018 1.0000 -0.0016
vn 0.0025 1.0000 -0.0007
vn 0.0018 -1.0000 -0.0015
vn 0.0046 -1.0000 -0.0030
vn 0.0025 -1.0000 -0.0007
vn 0.0022 1.0000 -0.0052
vn 0.0022 -1.0000 -0.0052
vn 0.3384 0.2686 -0.9019
vn -0.3492 0.1599 0.9233
vn -0.3492 -0.1599 0.9233
vn 0.3384 -0.2686 -0.9019
vn -0.0608 0.6618 -0.7472
vn 0.0571 0.7093 0.7026
vn 0.0571 -0.7093 0.7026
vn -0.0608 -0.6618 -0.7472
vn -0.0025 1.0000 -0.0051
vn -0.0010 1.0000 -0.0015
vn -0.0003 1.0000 -0.0027
vn -0.0019 -1.0000 -0.0027
vn -0.0024 -1.0000 -0.0050
vn -0.0004 -1.0000 -0.0027
vn -0.0034 1.0000 -0.0023
vn -0.0102 -0.9999 -0.0011
vn -0.7763 0.4327 -0.4584
vn 0.7814 0.4118 0.4689
vn 0.7814 -0.4118 0.4689
vn -0.8519 -0.2855 -0.4391
vn -0.7661 -0.6324 -0.1146
vn -0.6283 -0.2513 0.7362
vn -0.0015 0.9995 0.0325
vn -0.0033 -0.9994 0.0338
vn 0.0073 0.9998 0.0182
vn 0.2165 -0.3268 0.9200
vn 0.3818 0.4919 0.7825
vn 0.0811 0.9825 0.1679
vn 0.1053 -0.9807 0.1646
vn 0.6165 -0.4125 0.6706
vn 0.0044 -0.9992 0.0406
vn 0.0205 -0.9992 0.0331
vn 0.0024 -0.9991 0.0416
vn -0.6273 0.4243 -0.6530
vn -0.6230 -0.4390 -0.6474
vn 0.0662 0.9973 0.0332
vn -0.7370 -0.5828 -0.3424
vn 0.7681 -0.4788 0.4253
vn 0.6805 0.6480 0.3421
vn 0.7301 -0.5769 0.3662
vn -0.6650 0.6787 0.3117
vn -0.6430 -0.7039 0.3018
vn -0.7771 0.2531 0.5763
vn 0.5621 0.4833 -0.6712
vn 0.5556 0.5456 -0.6274
vn 0.5632 0.4666 -0.6819
vn -0.7743 -0.2602 0.5768
vn 0.0011 1.0000 0.0007
vn 0.0001 1.0000 -0.0004
vn -0.0023 1.0000 0.0041
vn -0.0016 0.9999 0.0104
vn -0.0009 0.9999 0.0138
vn 0.6048 -0.3101 -0.7335
vn -0.2285 0.2894 0.9296
vn 0.1906 0.4618 -0.8663
vn 0.2048 0.5041 -0.8390
vn 0.1846 0.4438 -0.8769
vn 0.2395 -0.6094 -0.7558
vn 0.2016 -0.4945 -0.8455
vn 0.1846 -0.4438 -0.8769
vn -0.0006 -1.0000 0.0050
vn -0.0049 -0.9999 0.0110
vn 0.0005 -1.0000 0.0033
vn -0.6010 0.4529 -0.6585
vn -0.6019 0.5018 -0.6212
vn -0.6013 0.5296 -0.5983
vn -0.2285 -0.2894 0.9296
vn -0.6019 -0.5018 -0.6212
vn -0.6010 -0.4529 -0.6585
vn -0.6013 -0.5296 -0.5983
vn 0.8940 0.4234 0.1466
vn 0.8148 0.5771 0.0552
vn 0.7832 0.6212 0.0258
vn 0.0065 1.0000 -0.0017
vn 0.0072 1.0000 -0.0019
vn -0.8689 0.4894 -0.0742
vn -0.7893 0.6140 -0.0089
vn -0.7666 0.6421 0.0071
vn -0.7893 -0.6140 -0.0089
vn -0.8689 -0.4894 -0.0742
vn -0.7666 -0.6421 0.0071
vn 0.0065 -1.0000 -0.0017
vn 0.8148 -0.5771 0.0552
vn 0.8940 -0.4234 0.1466
vn 0.7832 -0.6212 0.0258
vn -0.8924 0.4495 -0.0399
vn -0.8672 0.4919 -0.0772
vn -0.9180 0.3965 0.0049
vn 0.8624 0.2759 -0.4245
vn -0.8856 0.1595 0.4362
vn -0.8856 -0.1595 0.4362
vn 0.8624 -0.2759 -0.4245
vn 0.4835 0.6752 -0.5571
vn -0.4506 0.7293 0.5149
vn -0.4506 -0.7293 0.5149
vn 0.4835 -0.6752 -0.5571
vn -0.3138 0.2866 -0.9052
vn 0.3218 0.1917 0.9272
vn 0.3218 -0.1917 0.9272
vn -0.3138 -0.2866 -0.9052
vn -0.6355 0.6172 -0.4639
vn 0.6062 0.6529 0.4541
vn 0.6062 -0.6529 0.4541
vn -0.6355 -0.6172 -0.4639
vn 0.0002 1.0000 0.0008
vn -0.0020 -1.0000 0.0010
vn -0.0100 0.9999 -0.0017
vn -0.0138 0.9999 -0.0036
vn 0.8203 0.5689 0.0595
vn 0.8189 0.5707 0.0604
vn 0.8211 0.5677 0.0589
vn 0.8189 -0.5707 0.0604
vn 0.8203 -0.5689 0.0595
vn 0.8211 -0.5677 0.0589
vn -0.7339 0.5526 -0.3949
vn -0.7083 0.5867 -0.3925
vn -0.7398 0.5444 -0.3954
vn -0.0126 -0.9999 0.0021
vn 0.7232 0.2428 -0.6466
vn 0.7232 -0.2428 -0.6466
vn -0.0040 -1.0000 0.0080
vn 0.2047 0.7259 -0.6566
vn 0.2070 -0.7247 -0.6572
vn -0.0864 0.4906 0.8671
vn -0.0776 -0.6240 0.7776
vn -0.0490 0.4149 0.9086
vn 0.0203 0.3362 -0.9416
vn 0.0202 -0.3286 -0.9443
vn -0.0268 -0.9978 0.0610
vn -0.0976 0.9952 -0.0049
vn -0.3808 0.5092 -0.7718
vn -0.3798 -0.5102 -0.7717
vn 0.3962 0.7200 0.5698
vn -0.3977 0.6823 -0.6134
vn -0.3962 -0.7090 -0.5834
vn 0.4175 -0.6812 0.6014
vn 0.0162 -0.9987 -0.0473
vn 0.7853 0.2305 0.5746
vn -0.1292 0.9913 -0.0236
vn -0.0506 -0.9979 0.0395
vn -0.0233 -0.9974 0.0684
vn -0.0596 -0.9978 0.0298
vn -0.7867 -0.4506 -0.4221
vn 0.0228 -0.9992 0.0320
vn 0.5537 0.5598 -0.6165
vn 0.2109 0.5224 -0.8262
vn 0.2492 -0.6393 -0.7274
vn -0.0064 -0.9999 0.0130
vn -0.5997 0.4268 -0.6769
vn -0.5997 -0.4268 -0.6769
vn 0.9150 0.3615 0.1795
vn -0.8910 0.4438 -0.0961
vn -0.8910 -0.4438 -0.0961
vn 0.0072 -1.0000 -0.0019
vn 0.9150 -0.3615 0.1795
vn -0.8304 0.5431 -0.1243
vn 0.8183 0.5715 0.0608
vn 0.8183 -0.5715 0.0608
vn -0.7043 0.5919 -0.3920
vn -0.0111 -0.9966 0.0813
vt 0.375520 0.408152
vt 0.376551 0.411474
vt 0.376549 0.405386
vt 0.375354 0.404830
vt 0.376553 0.401508
vt 0.374518 0.411474
vt 0.374639 0.401508
vt 0.374518 0.391541
vt 0.374168 0.394864
vt 0.375735 0.394864
vt 0.374518 0.398186
vt 0.372825 0.391541
vt 0.372721 0.394864
vt 0.372825 0.398186
vt 0.372207 0.408152
vt 0.372825 0.411474
vt 0.373160 0.408152
vt 0.372207 0.401508
vt 0.373160 0.401508
vt 0.370869 0.408152
vt 0.370139 0.411474
vt 0.371335 0.411474
vt 0.370139 0.398186
vt 0.370869 0.401508
vt 0.371335 0.398186
vt 0.369298 0.408152
vt 0.369298 0.401508
vt 0.368652 0.391541
vt 0.369299 0.394864
vt 0.370139 0.391541
vt 0.368652 0.404830
vt 0.370137 0.404830
vt 0.368652 0.398186
vt 0.367599 0.394864
vt 0.367604 0.408152
vt 0.367604 0.401508
vt 0.367249 0.411474
vt 0.368652 0.411474
vt 0.367249 0.398186
vt 0.365661 0.408152
vt 0.365661 0.401508
vt 0.365374 0.391541
vt 0.365647 0.394864
vt 0.367249 0.391541
vt 0.365384 0.404830
vt 0.367250 0.404830
vt 0.364236 0.398186
vt 0.363491 0.394864
vt 0.362218 0.398186
vt 0.361376 0.408152
vt 0.363335 0.411474
vt 0.363625 0.408152
vt 0.361388 0.401508
vt 0.363625 0.401508
vt 0.361042 0.411474
vt 0.361186 0.394864
vt 0.360256 0.398186
vt 0.359602 0.391541
vt 0.361042 0.391541
vt 0.358795 0.408152
vt 0.359602 0.411474
vt 0.358417 0.401508
vt 0.358505 0.394864
vt 0.358345 0.398186
vt 0.376551 0.398186
vt 0.358397 0.404830
vt 0.359866 0.404830
vt 0.356623 0.411474
vt 0.356615 0.401508
vt 0.356615 0.404830
vt 0.356617 0.398186
vt 0.356623 0.391541
vt 0.356616 0.394864
vt 0.376551 0.391541
vt 0.376549 0.394864
vt 0.374258 0.408152
vt 0.374189 0.404830
vt 0.373169 0.404830
vt 0.372276 0.404830
vt 0.371335 0.391541
vt 0.370863 0.394864
vt 0.371342 0.404830
vt 0.363335 0.391541
vt 0.365374 0.411474
vt 0.363976 0.404830
vt 0.356607 0.408152
vt 0.362703 0.404830
vt 0.361118 0.404830
s 1
usemtl Material.032
f 246/12/203 241/13/203 242/14/203
f 248/15/204 246/12/204 242/14/204
f 243/16/205 248/15/205 242/14/205
f 246/12/206 249/17/206 241/13/206
f 250/18/207 248/15/207 243/16/207
f 249/19/208 252/20/208 247/21/208
f 252/20/209 251/22/209 247/21/209
f 255/23/210 260/24/210 252/20/210
f 260/24/211 259/25/211 252/20/211
f 261/26/212 255/27/212 256/28/212
f 259/25/213 263/29/213 258/30/213
f 265/31/214 270/32/215 264/33/216
f 272/34/217 267/35/218 268/36/219
f 273/37/220 270/32/215 265/31/214
f 272/34/217 274/38/221 267/35/218
f 276/39/222 275/40/222 270/41/222
f 277/42/223 273/37/223 271/43/223
f 274/38/224 277/42/224 271/43/224
f 275/40/225 278/44/225 272/34/225
f 276/39/226 281/45/226 275/40/226
f 277/42/227 279/46/227 273/37/227
f 280/47/228 277/42/228 274/38/228
f 281/45/229 278/44/229 275/40/229
f 279/46/230 282/48/231 276/49/232
f 284/50/233 280/47/234 278/44/235
f 285/51/236 282/48/231 279/46/230
f 284/50/233 286/52/237 280/47/234
f 288/53/238 287/54/238 282/55/238
f 289/56/239 285/51/239 283/57/239
f 286/52/240 289/56/240 283/57/240
f 287/54/241 290/58/241 284/50/241
f 295/59/242 290/58/242 287/54/242
f 295/59/243 297/60/243 290/58/243
f 298/61/244 291/62/244 292/63/244
f 297/60/245 299/64/245 294/65/245
f 298/61/246 301/66/246 291/62/246
f 300/67/247 303/68/247 297/60/247
f 304/69/248 300/67/248 301/70/248
f 306/71/249 304/72/249 298/61/249
f 303/68/250 307/73/250 299/64/250
f 308/74/251 309/75/251 303/68/251
f 244/76/252 250/18/253 243/16/254
f 310/77/255 306/71/255 305/78/255
f 307/73/256 310/77/256 305/78/256
f 306/71/257 311/79/257 304/72/257
f 314/80/258 313/81/258 307/73/258
f 308/74/259 315/82/259 309/75/259
f 311/83/260 316/84/260 308/74/260
f 316/84/261 315/82/261 308/74/261
f 241/85/262 247/21/262 245/86/262
f 245/86/263 247/21/263 244/76/263
f 241/85/264 249/19/264 247/21/264
f 253/87/265 248/15/266 254/88/267
f 247/21/268 251/22/268 244/76/268
f 246/12/269 253/87/270 249/17/271
f 255/27/272 253/87/270 256/28/273
f 250/18/274 254/88/274 248/15/274
f 249/19/275 255/23/275 252/20/275
f 256/28/276 254/88/277 257/89/278
f 254/88/279 258/30/280 257/89/281
f 251/22/282 258/30/283 250/18/284
f 256/28/285 262/90/286 261/26/287
f 252/20/288 259/25/288 251/22/288
f 262/90/289 258/30/290 263/29/291
f 260/24/292 264/91/293 269/92/294
f 261/26/295 264/33/216 255/27/296
f 261/26/297 266/93/298 265/31/299
f 266/93/300 263/29/301 267/35/302
f 263/29/303 268/36/219 267/35/218
f 268/36/304 260/24/305 269/92/306
f 295/59/307 288/53/308 291/94/309
f 264/91/310 270/41/310 269/92/310
f 266/93/311 271/43/311 265/31/311
f 267/35/312 271/43/312 266/93/312
f 269/92/313 272/34/313 268/36/313
f 270/41/314 275/40/314 269/92/314
f 271/43/315 273/37/315 265/31/315
f 267/35/316 274/38/316 271/43/316
f 269/92/317 275/40/317 272/34/317
f 273/37/220 276/49/232 270/32/215
f 272/34/217 278/44/235 274/38/221
f 273/37/220 279/46/230 276/49/232
f 278/44/235 280/47/234 274/38/221
f 276/39/318 282/55/318 281/45/318
f 277/42/319 283/57/319 279/46/319
f 280/47/320 283/57/320 277/42/320
f 281/45/321 284/50/321 278/44/321
f 282/55/322 287/54/322 281/45/322
f 283/57/323 285/51/323 279/46/323
f 280/47/324 286/52/324 283/57/324
f 281/45/325 287/54/325 284/50/325
f 285/51/236 288/95/326 282/48/231
f 284/50/233 290/58/327 286/52/237
f 288/95/326 292/63/328 291/62/329
f 292/63/330 289/56/331 293/96/332
f 289/56/333 294/65/334 293/96/335
f 312/97/336 310/77/337 313/81/338
f 290/58/327 294/65/339 286/52/237
f 293/96/340 296/98/340 292/63/340
f 294/65/341 296/98/341 293/96/341
f 290/58/327 297/60/342 294/65/339
f 296/98/343 298/61/343 292/63/343
f 294/65/344 299/64/344 296/98/344
f 291/94/345 300/67/345 295/59/345
f 295/59/346 300/67/346 297/60/346
f 291/94/347 301/70/347 300/67/347
f 296/98/348 302/99/348 298/61/348
f 299/64/349 302/99/349 296/98/349
f 297/60/350 303/68/350 299/64/350
f 298/61/351 304/72/351 301/66/351
f 302/99/352 305/78/352 298/61/352
f 299/64/353 305/78/353 302/99/353
f 304/69/354 308/74/354 300/67/354
f 305/78/355 306/71/355 298/61/355
f 299/64/356 307/73/356 305/78/356
f 300/67/357 308/74/357 303/68/357
f 303/68/358 309/75/358 307/73/358
f 304/69/359 311/83/359 308/74/359
f 306/71/360 312/97/360 311/79/360
f 309/75/361 314/80/362 307/73/363
f 307/73/364 313/81/364 310/77/364
f 244/76/252 251/22/365 250/18/253
f 253/87/265 246/12/366 248/15/266
f 255/27/272 249/17/271 253/87/270
f 256/28/276 253/87/367 254/88/277
f 254/88/279 250/18/368 258/30/280
f 251/22/282 259/25/369 258/30/283
f 256/28/285 257/89/370 262/90/286
f 262/90/289 257/89/371 258/30/290
f 260/24/292 255/23/372 264/91/293
f 261/26/295 265/31/214 264/33/216
f 261/26/297 262/90/373 266/93/298
f 266/93/300 262/90/374 263/29/301
f 263/29/303 259/25/375 268/36/219
f 268/36/304 259/25/376 260/24/305
f 295/59/307 287/54/377 288/53/308
f 288/95/326 285/51/236 292/63/328
f 292/63/330 285/51/378 289/56/331
f 289/56/333 286/52/379 294/65/334
f 312/97/336 306/71/380 310/77/337
f 309/75/361 315/82/381 314/80/362
